2048 2048
128
1051 371 1051 286 975 286 975 234 926 234
1371 1748 1371 1534 1382 1534
568 1937 483 1937 483 1852 399 1852 399 1766
676 706 565 706 565 551 440 551 440 499
1758 1929 1916 1929 1916 1788 1964 1788 1964 1767
370 156 303 156 303 66
379 109 176 109 176 132
1711 601 1711 715 1734 715
1536 1479 1576 1479 1576 1672
352 1167 268 1167 268 1161
1771 1427 1771 1399 1766 1399 1766 1309 1744 1309
1316 76 1392 76 1392 3
726 498 726 605 623 605 623 621 566 621
720 986 864 986 864 971 947 971 947 945
1741 131 1867 131 1867 136
191 1097 191 1072 88 1072 88 1044 63 1044
1212 1940 1401 1940 1401 1878
951 1050 960 1050 960 1163
848 1492 963 1492 963 1499
990 942 1169 942 1169 919 1243 919 1243 895
949 1730 928 1730 928 1804 862 1804 862 1829
1507 123 1513 123 1513 243
1835 1907 1835 1881 1777 1881 1777 1864 1773 1864
28 1945 137 1945 137 1925
1778 15 1883 15 1883 94 1911 94 1911 109
1407 318 1481 318 1481 341
404 1506 404 1628 403 1628 403 1674 396 1674
571 2045 772 2045 772 1978
917 1369 961 1369 961 1128
1841 1104 1794 1104 1794 1030 1684 1030 1684 1005
1332 234 1278 234 1278 404
1568 1370 1732 1370 1732 1430 1767 1430 1767 1451
1890 442 1782 442 1782 583 1745 583 1745 604
1573 45 1631 45 1631 52 1815 52 1815 59
151 1600 240 1600 240 1621 267 1621 267 1776
1257 1597 1207 1597 1207 1394
1629 1883 1654 1883 1654 1898 1705 1898 1705 1944
1886 1441 1838 1441 1838 1432 1815 1432 1815 1403
1360 1306 1603 1306 1603 1297
33 5 17 5 17 95
421 1000 532 1000 532 1028 597 1028 597 1114
353 1827 581 1827 581 1848
655 455 693 455 693 552
1384 1799 1241 1799 1241 1978
1612 622 1368 622 1368 381
1855 1013 1855 971 1993 971 1993 964 2006 964
703 700 703 880 840 880
2013 224 2013 305 2003 305 2003 387 1946 387
1656 1723 1584 1723 1584 1650
742 1616 742 1731 795 1731 795 1848 831 1848
2028 1801 2011 1801 2011 1714 1788 1714 1788 1685
285 1917 326 1917 326 1942 496 1942 496 1967
309 796 520 796 520 820
751 256 662 256 662 190 619 190 619 89
646 1275 503 1275 503 1263
1387 1055 1387 1076 1576 1076 1576 1229 1611 1229
260 1180 212 1180 212 1109 104 1109 104 1085
1013 1610 1013 1626 1116 1626 1116 1675 1217 1675
1899 2026 1828 2026 1828 1948 1753 1948 1753 1869
1305 1762 1094 1762 1094 1839 1075 1839 1075 1851
376 704 376 874 467 874
1457 920 1440 920 1440 857 1290 857 1290 836
1926 1137 1906 1137 1906 1193
1076 704 1314 704 1314 577
959 1867 1009 1867 1009 1879 1094 1879 1094 1965
1619 1086 1619 899 1568 899
1017 1083 1017 1023 973 1023 973 1002 955 1002
780 1522 793 1522 793 1384
1243 1211 1479 1211 1479 1208
1056 784 802 784 802 813
1406 1997 1406 1921 1405 1921 1405 1846 1311 1846
54 1382 214 1382 214 1377 217 1377 217 1185
405 1447 405 1368 319 1368 319 1287 304 1287
805 911 1033 911 1033 932
575 711 412 711 412 473
1849 476 1979 476 1979 718
1378 1703 1407 1703 1407 1448
995 1598 1011 1598 1011 1825
68 879 27 879 27 691
1933 292 1934 292 1934 312 1962 312 1962 375
946 1683 1059 1683 1059 1710 1115 1710 1115 1738
1079 127 1079 170 1107 170 1107 242 1224 242
1173 447 961 447 961 419
1645 566 1712 566 1712 605 1787 605 1787 627
958 1547 1011 1547 1011 1368 1106 1368 1106 1342
2006 1707 1967 1707 1967 1461
231 74 166 74 166 89
357 240 455 240 455 164
593 82 590 82 590 163
1571 1847 1676 1847 1676 1788 1764 1788 1764 1779
84 370 237 370 237 248
1762 548 1748 548 1748 566
1392 547 1442 547 1442 360 1590 360 1590 333
117 964 167 964 167 1031 247 1031 247 1144
925 697 925 716 836 716 836 728 757 728
775 580 929 580 929 392
1162 1172 1162 1361 1161 1361 1161 1388 1015 1388
509 1163 515 1163 515 1182
1921 1474 1910 1474 1910 1381 1889 1381 1889 1361
1774 1240 1713 1240 1713 1252
1876 481 1631 481 1631 473
1755 641 1755 698 1672 698 1672 715 1660 715
597 1449 659 1449 659 1467 715 1467 715 1488
683 1536 743 1536 743 1621 901 1621 901 1706
285 1968 32 1968 32 1957
964 105 1156 105 1156 112
1692 794 1608 794 1608 859 1441 859 1441 881
1389 1619 1389 1572 1386 1572 1386 1543 1365 1543
779 40 825 40 825 67 827 67 827 96
1312 2019 1426 2019 1426 1836
276 122 249 122 249 313
112 1605 13 1605 13 1593
684 194 676 194 676 223 593 223 593 303
9 1021 55 1021 55 1270
1571 166 1521 166 1521 152
741 1975 741 1981 531 1981 531 2028 521 2028
1614 227 1614 251 1721 251 1721 325 1779 325
611 226 611 317 698 317
1614 84 1619 84 1619 162
855 1385 882 1385 882 1255
125 1115 77 1115 77 1174 63 1174 63 1235
475 1488 380 1488 380 1537
834 6 856 6 856 51 1017 51 1017 78
117 2003 305 2003 305 1909
1814 699 1764 699 1764 674
475 827 471 827 471 768 347 768 347 709
1739 381 1963 381 1963 360 1986 360 1986 339
507 1149 507 1165 486 1165 486 1192 429 1192
